Molecule # Iso Abundance     Q(296K)      gj    Molar Mass(g)   portion d'atm
   H2O (1)
           1  9.97317E-01    1.7458E+02    1     18.010565     0.0004
           2  1.99983E-03    1.7605E+02    1     20.014811     0.0004
           3  3.71884E-04    1.0521E+03    6     19.014780     0.0004
           4  3.10693E-04    8.6474E+02    6     19.016740     0.0004
           5  6.23003E-07    8.7557E+02    6     21.020985     0.0004
           6  1.15853E-07    5.2268E+03   36     20.020956     0.0004
         129  2.41970E-08    1.0278E+03    1     20.022915     0.0004
   CO2 (2)
           7  9.84204E-01    2.8609E+02    1     43.989830     0.0004
           8  1.10574E-02    5.7664E+02    2     44.993185     0.0004
           9  3.94707E-03    6.0781E+02    1     45.994076     0.0004
          10  7.33989E-04    3.5426E+03    6     44.994045     0.0004
          11  4.43446E-05    1.2255E+03    2     46.997431     0.0004
          12  8.24623E-06    7.1413E+03   12     45.997400     0.0004
          13  3.95734E-06    3.2342E+02    1     47.998322     0.0004
          14  1.47180E-06    3.7666E+03    6     46.998291     0.0004
         121  1.36847E-07    1.0972E+04    1     45.998262     0.0004
          15  4.44600E-08    6.5224E+02    2     49.001675     0.0004
         120  1.65354E-08    7.5950E+03   12     48.001646     0.0004
    O3 (3)
          16  9.92901E-01    3.4837E+03    1     47.984745 0.00000005
          17  3.98194E-03    7.4657E+03    1     49.988991 0.00000005
          18  1.99097E-03    3.6471E+03    1     49.988991 0.00000005
          19  7.40475E-04    4.3331E+04    6     48.988960 0.00000005
          20  3.70237E-04    2.1405E+04    6     48.988960 0.00000005
   N2O (4)
          21  9.90333E-01    4.9849E+03    9     44.001062 0.00000002
          22  3.64093E-03    3.3620E+03    6     44.998096 0.00000002
          23  3.64093E-03    3.4586E+03    6     44.998096 0.00000002
          24  1.98582E-03    5.3147E+03    9     46.005308 0.00000002
          25  3.69280E-04    3.0972E+04   54     45.005278 0.00000002
    CO (5)
          26  9.86544E-01    1.0742E+02    1     27.994915  0.0000002
          27  1.10836E-02    2.2469E+02    2     28.998270  0.0000002
          28  1.97822E-03    1.1277E+02    1     29.999161  0.0000002
          29  3.67867E-04    6.6117E+02    6     28.999130  0.0000002
          30  2.22250E-05    2.3644E+02    2     31.002516  0.0000002
          31  4.13292E-06    1.3847E+03   12     30.002485  0.0000002
   CH4 (6)
          32  9.88274E-01    5.9048E+02    1     16.031300   0.000002
          33  1.11031E-02    1.1808E+03    2     17.034655   0.000002
          34  6.15751E-04    4.7947E+03    3     17.037475   0.000002
          35  6.91785E-06    9.5992E+03    6     18.040830   0.000002
    O2 (7)
          36  9.95262E-01    2.1573E+02    1     31.989830     0.2095
          37  3.99141E-03    4.5523E+02    1     33.994076     0.2095
          38  7.42235E-04    2.6581E+03    6     32.994045     0.2095
    NO (8)
          39  9.93974E-01    1.1421E+03    3     29.997989  0.0000005
          40  3.65431E-03    7.8926E+02    2     30.995023  0.0000005
          41  1.99312E-03    1.2044E+03    3     32.002234  0.0000005
   SO2 (9)
          42  9.45678E-01    6.3403E+03    1     63.961901          0
          43  4.19503E-02    6.3690E+03    1     65.957695          0
  NO2 (10)
          44  9.91616E-01    1.3577E+04    3     45.992904          0
  NH3 (11)
          45  9.95872E-01    1.7252E+03    3     17.026549          0
          46  3.66129E-03    1.1533E+03    2     18.023583          0
 HNO3 (12)
          47  9.89110E-01    2.1393E+05    6     62.995644          0
         117  3.63600E-03    1.4313E+05    4     63.992680          0
   OH (13)
          48  9.97473E-01    8.0348E+01    2     17.002740          0
          49  2.00014E-03    8.0882E+01    2     19.006986          0
          50  1.55371E-04    2.0932E+02    3     18.008915          0
   HF (14)
          51  9.99844E-01    4.1469E+01    4     20.006229          0
         110  1.55741E-04    1.1591E+02    6     21.012404          0
  HCl (15)
          52  7.57587E-01    1.6065E+02    8     35.976678          0
          53  2.42257E-01    1.6089E+02    8     37.973729          0
         107  1.18005E-04    4.6278E+02   12     36.982853          0
         108  3.77350E-05    4.6413E+02   12     38.979904          0
  HBr (16)
          54  5.06781E-01    2.0017E+02    8     79.926160          0
          55  4.93063E-01    2.0023E+02    8     81.924115          0
         111  7.89384E-05    5.8640E+02   12     80.932336          0
         112  7.68016E-05    5.8676E+02   12     82.930289          0
   HI (17)
          56  9.99844E-01    3.8899E+02   12    127.912297          0
         113  1.55741E-04    1.1471E+03   18    128.918472          0
  ClO (18)
          57  7.55908E-01    3.2746E+03    4     50.963768          0
          58  2.41720E-01    3.3323E+03    4     52.960819          0
  OCS (19)
          59  9.37395E-01    1.2210E+03    1     59.966986          0
          60  4.15828E-02    1.2535E+03    1     61.962780          0
          61  1.05315E-02    2.4841E+03    2     60.970341          0
          62  7.39908E-03    4.9501E+03    4     60.966371          0
          63  1.87967E-03    1.3138E+03    1     61.971231          0
 H2CO (20)
          64  9.86237E-01    2.8445E+03    1     30.010565          0
          65  1.10802E-02    5.8377E+03    2     31.013920          0
          66  1.97761E-03    2.9864E+03    1     32.014811          0
 HOCl (21)
          67  7.55790E-01    1.9275E+04    8     51.971593          0
          68  2.41683E-01    1.9616E+04    8     53.968644          0
   N2 (22)
          69  9.92687E-01    4.6710E+02    1     28.006148     0.7808
         118  7.47809E-03    6.4410E+02    6     29.003182     0.7808
  HCN (23)
          70  9.85114E-01    8.9220E+02    6     27.010899          0
          71  1.10676E-02    1.8310E+03   12     28.014254          0
          72  3.62174E-03    6.1528E+02    4     28.007933          0
CH3Cl (24)
          73  7.48937E-01    5.7916E+04    4     49.992328          0
          74  2.39491E-01    5.8834E+04    4     51.989379          0
 H2O2 (25)
          75  9.94952E-01    9.8480E+03    1     34.005480          0
 C2H2 (26)
          76  9.77599E-01    4.1245E+02    1     26.015650          0
          77  2.19663E-02    1.6562E+03    8     27.019005          0
         105  3.04550E-04    1.5818E+03    6     27.021825          0
 C2H6 (27)
          78  9.76990E-01    7.0883E+04    1     30.046950          0
         105  2.19526E-02    3.6192E+04    2     31.050305          0
  PH3 (28)
          79  9.99533E-01    3.2494E+03    2     33.997238          0
 COF2 (29)
          80  9.86544E-01    7.0028E+04    1     65.991722          0
         119  1.10834E-02    1.4006E+05    2     66.995083          0
  SF6 (30)                                     
         126  .950180E+00    1.6233E+06    1    145.962492          0
  H2S (31)                                                  
          81  9.49884E-01    5.0579E+02    1     33.987721          0
          82  4.21369E-02    5.0435E+02    1     35.983515          0
          83  7.49766E-03    2.0149E+03    4     34.987105          0
HCOOH (32)
          84  9.83898E-01    3.9133E+04    4     46.005480          0
  HO2 (33)
          85  9.95107E-01    4.3004E+03    2     32.997655          0
    O (34)
          86  9.97628E-01    6.7212E+00    1     15.994915          0
ClONO2 (35)                                                  
         127  .749570E+00    4.7884E+06   12     96.956672          0
         128  .239694E+00    4.9102E+06   12     98.953723          0
   NO+ (36)
          87  9.93974E-01    3.1169E+02    3     29.997989          0
  HOBr (37)
          88  5.05579E-01    2.8339E+04    8     95.921076          0
          89  4.91894E-01    2.8238E+04    8     97.919027          0
  C2H4 (38)
          90  9.77294E-01    1.1042E+04    1     28.031300          0
          91  2.19595E-02    4.5197E+04    2     29.034655          0
 CH3OH (39)
          92  9.85930E-01    7.0570E+04    2     32.026215          0
 CH3Br (40)
          93  5.00995E-01    8.3052E+04    4     93.941811          0
          94  4.87433E-01    8.3395E+04    4     95.939764          0
 CH3CN (41)
          95  9.73866E-01    8.8672E+04    3     41.026549          0
   CF4 (42)
          96  9.88890E-01    1.2127E+05    1     87.993616          0
  C4H2 (43)
         116  9.55998E-01    9.8190E+03    1     50.015650          0
  HC3N (44)
         109  9.63346E-01    2.4787E+04    6     51.010899          0
    H2 (45)
         103  9.99688E-01    7.6712E+00    1      2.015650          0
         115  3.11432E-04    2.9874E+01    6      3.021825          0
    CS (46)
          97  9.39624E-01    2.5362E+02    1     43.971036          0
          98  4.16817E-02    2.5777E+02    1     45.966787          0
          99  1.05565E-02    5.3750E+02    2     44.974368          0
         100  7.41668E-03    1.0230E+03    4     44.970399          0
   SO3 (47)
         114  9.43400E-01    7.7833E+03    1     79.956820          0
  C2N2 (48)
         123  9.70752E-01    1.5582E+04    1     52.006148          0
 COCl2 (49)
         124  5.66392E-01    1.4800E+06    1     97.932620          0
         125  3.62235E-01    3.0435E+06   16     99.929670          0
     Ar (?)
       10000      1.0E+00         0E+00    0        40.000    0.00934
